Obj;2470,431641
Time;59900,000000
Vehicle;Orig;Dest;Dist;Rel;Dead;ServTime;DemDest;ArrTimeDest;ArrBattDest;ArrLoadDest;RecTime;PlugUsed;StartRecharging;
1;0;46;39,528469;0,000000;0,000000;0,000000;0;0,790569;8,094306;800;7,905694;1;0,790569
1;46;10;4,699884;5,180000;18,959999;0,210000;26;8,790261;15,060023;774;0,000000;0;0,000000
1;10;12;9,187165;2,730000;15,990000;0,240000;27;9,184005;13,222590;747;0,000000;0;0,000000
1;12;15;1,280819;6,440000;20,700001;0,410000;46;9,449621;12,966427;701;0,000000;0;0,000000
1;15;4;0,971287;10,890000;28,370001;0,390000;35;10,890000;12,772169;666;0,000000;0;0,000000
1;4;8;0,402616;8,380000;25,400000;0,240000;24;11,288053;12,691646;642;0,000000;0;0,000000
1;8;6;8,395743;13,940000;32,849998;0,240000;20;13,940000;11,012497;622;0,000000;0;0,000000
1;6;7;3,135362;14,760000;29,270000;0,230000;23;14,760000;10,385425;599;0,000000;0;0,000000
1;7;14;4,323482;9,590000;25,540001;0,310000;39;15,076469;9,520728;560;0,000000;0;0,000000
1;14;11;4,407356;10,970000;27,709999;0,320000;35;15,474617;8,639257;525;0,000000;0;0,000000
1;11;5;8,621114;5,070000;19,950001;0,290000;36;15,967040;6,915035;489;0,000000;0;0,000000
1;5;13;1,974642;9,270000;26,820000;0,440000;40;16,296534;6,520106;449;0,000000;0;0,000000
1;13;1;4,395508;9,150000;25,299999;0,340000;38;16,824444;5,641005;411;0,000000;0;0,000000
1;1;2;2,694365;15,480000;35,369999;0,310000;28;17,218330;5,102131;383;0,000000;0;0,000000
1;2;9;3,708274;8,360000;24,500000;0,390000;43;17,602495;4,360476;340;0,000000;0;0,000000
1;9;3;6,100834;11,830000;30,510000;0,350000;29;18,114511;3,140310;311;0,000000;0;0,000000
1;3;46;7,027830;0,000000;0,000000;0,000000;0;18,605068;1,734744;311;8,483829;1;18,605068
1;46;0;39,528469;0,000000;0,000000;0,000000;0;27,879467;2,312879;311;0,000000;1;0,000000
2;0;47;53,033009;0,000000;0,000000;0,000000;0;1,060660;5,393398;800;10,606602;1;1,060660
2;47;41;5,076585;11,560000;28,700001;0,320000;35;11,768794;14,984683;765;0,000000;0;0,000000
2;41;44;1,251599;6,360000;19,010000;0,320000;36;12,113826;14,734364;729;0,000000;0;0,000000
2;44;43;1,482766;12,380000;27,080000;0,180000;22;12,463481;14,437810;707;0,000000;0;0,000000
2;43;34;4,989921;2,060000;14,410000;0,340000;34;12,743279;13,439826;673;0,000000;0;0,000000
2;34;42;5,262062;9,610000;26,980000;0,510000;46;13,188520;12,387414;627;0,000000;0;0,000000
2;42;45;9,039938;5,640000;18,340000;0,330000;30;13,879319;10,579427;597;0,000000;0;0,000000
2;45;36;3,450461;12,340000;26,200001;0,590000;49;14,278328;9,889335;548;0,000000;0;0,000000
2;36;38;6,438959;10,260000;27,309999;0,270000;34;14,997108;8,601542;514;0,000000;0;0,000000
2;38;32;1,848376;14,150000;22,250000;0,300000;33;15,304075;8,231867;481;0,000000;0;0,000000
2;32;37;3,733430;11,340000;28,680000;0,540000;49;15,678744;7,485181;432;0,000000;0;0,000000
2;37;35;7,671505;9,270000;26,450001;0,350000;32;16,372175;5,950880;400;0,000000;0;0,000000
2;35;31;2,602921;13,650000;33,200001;0,290000;29;16,774235;5,430295;371;0,000000;0;0,000000
2;31;33;0,376562;12,730000;30,459999;0,330000;30;17,071768;5,354983;341;0,000000;0;0,000000
2;33;39;4,740938;4,680000;18,879999;0,370000;31;17,496586;4,406795;310;0,000000;0;0,000000
2;39;40;3,288057;10,590000;28,549999;0,270000;30;17,932348;3,749184;280;0,000000;0;0,000000
2;40;47;5,366748;0,000000;0,000000;0,000000;0;18,309683;2,675834;280;6,775918;1;18,309683
2;47;47;0,000000;0,000000;0,000000;0,000000;0;25,085602;9,451753;280;1,428395;1;25,085602
2;47;0;53,033009;0,000000;0,000000;0,000000;0;27,574656;0,273546;280;0,000000;1;0,000000
3;0;48;39,528469;0,000000;0,000000;0,000000;0;0,790569;8,094306;800;7,905694;1;0,790569
3;48;16;5,325805;7,910000;24,780001;0,520000;47;8,802778;14,934839;753;0,000000;0;0,000000
3;16;18;5,530733;5,170000;20,690001;0,490000;45;9,433393;13,828692;708;0,000000;0;0,000000
3;18;29;8,006248;1,330000;13,300000;0,340000;43;10,083518;12,227443;665;0,000000;0;0,000000
3;29;23;11,900962;11,630000;29,730000;0,270000;34;11,630000;9,847250;631;0,000000;0;0,000000
3;23;25;7,814050;2,520000;16,420000;0,480000;44;12,056282;8,284440;587;0,000000;0;0,000000
3;25;28;4,875908;2,680000;15,490000;0,340000;28;12,633800;7,309258;559;0,000000;0;0,000000
3;28;24;3,777514;8,100000;24,270000;0,300000;30;13,049350;6,553756;529;0,000000;0;0,000000
3;24;26;3,148922;6,760000;22,959999;0,230000;21;13,412329;5,923971;508;0,000000;0;0,000000
3;26;22;2,010201;2,140000;14,270000;0,490000;41;13,682532;5,521931;467;0,000000;0;0,000000
3;22;30;5,546927;14,020000;32,259998;0,350000;32;14,283470;4,412545;435;0,000000;0;0,000000
3;30;21;10,085127;14,910000;35,310001;0,230000;23;14,910000;2,395520;412;0,000000;0;0,000000
3;21;19;6,647480;12,590000;31,100000;0,240000;22;15,272949;1,066024;390;0,000000;0;0,000000
3;19;48;3,521505;0,000000;0,000000;0,000000;0;15,583379;0,361723;390;12,897362;1;15,583379
3;48;17;5,478767;15,580000;34,650002;0,390000;49;28,590315;12,163331;341;0,000000;0;0,000000
3;17;27;2,883764;13,570000;32,529999;0,300000;25;29,037989;11,586578;316;0,000000;0;0,000000
3;27;20;3,654928;13,550000;32,680000;0,320000;29;29,411087;10,855593;287;0,000000;0;0,000000
3;20;0;41,278961;0,000000;0,000000;0,000000;0;30,556665;2,599800;287;0,000000;1;0,000000
